34615907927
34605697790
34675177342
34635330861
34692555882
34692427508
34644290202
34658698211
34651998840
34657980231
34655348160
34655954076
34615728464
34695225645
34644883166
34615612500
34695090165
34605697715
34658445613
34655225802
34615863658
34658566969
34657008353
34658423353
34605994144
34656877559
34655237294
34658423854
34658061108
34651764047
34654838499
34655954071
34655977735
34645245896
34654857726
34615863673
34653643473
34644101549
34655429079
34644101530
34685566157
34692426890
34657075960
34645571968
34654824069
34605045655
34685408973
34692146930
34665142391
34655017192
34625653907
34625760000
